min
temps=6500:4700
latlon=47.626480:-122.205147
speed=66
method=Auto
map=177.00,100;3.00,100;-6.00,0;-174.00,0;
